[gd_scene load_steps=5 format=3 uid="uid://b2ta3isl2huu1"]

[ext_resource type="PackedScene" uid="uid://ceio1ospuekto" path="res://spawn.tscn" id="1_lo8nw"]
[ext_resource type="PackedScene" uid="uid://c51d6v8mkut7c" path="res://train.tscn" id="1_xgqvw"]
[ext_resource type="PackedScene" uid="uid://dms8mivb166i0" path="res://enemy.tscn" id="2_iu8op"]

[sub_resource type="Curve3D" id="Curve3D_w5j0i"]
_data = {
"points": PackedVector3Array(0, 0, 0, 0, 0, 0, 0, 0, 0, 0, 0, 0, 0, 0, 0, 7.49644, 0, 3.10854, -0.0645811, 0, 8.19529, 0.0645811, 0, -8.19529, 0, 0, 0),
"tilts": PackedFloat32Array(0, 0, 0)
}
point_count = 3

[node name="main" type="Node3D"]

[node name="Percorso 1" type="Path3D" parent="."]
transform = Transform3D(0.320134, 0, -0.947372, 0, 1, 0, 0.947372, 0, 0.320134, 3.478, 0, 1.13367)
curve = SubResource("Curve3D_w5j0i")

[node name="PathFollow3D" type="PathFollow3D" parent="Percorso 1"]
transform = Transform3D(0.0544058, 0, 0.998517, 0, 1.00004, 0, -0.998517, 0, 0.0544058, 2.90851, 0, 4.6633)
progress = 13.0293
rotation_mode = 4

[node name="Train" parent="Percorso 1/PathFollow3D" instance=ExtResource("1_xgqvw")]
transform = Transform3D(0.990978, 0, 0.13403, 0, 1, 0, -0.13403, 0, 0.990978, -0.073715, 0, 0.0172343)
vel = 2

[node name="Camera3D" type="Camera3D" parent="."]
transform = Transform3D(-0.0774761, -0.170873, -0.982242, 0.0645115, 0.98228, -0.175968, 0.994905, -0.0769992, -0.0650799, -4.76888, 0, 2.24334)

[node name="spawn" parent="." node_paths=PackedStringArray("Path") instance=ExtResource("1_lo8nw")]
enemyScene = ExtResource("2_iu8op")
Path = NodePath("Percorso 1")

[node name="Percorso 1" type="Path3D" parent="spawn"]
curve = SubResource("Curve3D_w5j0i")

[node name="DirectionalLight3D" type="DirectionalLight3D" parent="."]
transform = Transform3D(1, 0, 0, 0, -4.37114e-08, 1, 0, -1, -4.37114e-08, 2, 5, 2)
