[gd_scene load_steps=7 format=3 uid="uid://b8ujrrnvs5m1e"]

[ext_resource type="ArrayMesh" uid="uid://bwo2bpn1rocwh" path="res://model/hangar_smallA.obj" id="1_la053"]
[ext_resource type="ArrayMesh" uid="uid://cs7qm2o8wy5hv" path="res://model/rock_largeB.obj" id="1_td5xk"]
[ext_resource type="ArrayMesh" uid="uid://b8qdomv0bw1ja" path="res://model/rock_largeA.obj" id="2_maq0e"]
[ext_resource type="ArrayMesh" uid="uid://b7oro2kcd85k4" path="res://model/rock.obj" id="3_eegsx"]
[ext_resource type="ArrayMesh" uid="uid://b6kgkyt4frsrm" path="res://model/rock_crystals.obj" id="5_2rdpo"]
[ext_resource type="ArrayMesh" uid="uid://wa8ffoegfkbs" path="res://model/rock_crystalsLargeB.obj" id="6_571yu"]

[node name="Mine" type="Node3D"]

[node name="Stazione" type="MeshInstance3D" parent="."]
transform = Transform3D(1.2, 0, 0, 0, 1.2, 0, 0, 0, 1.2, -0.00461608, 0, 2.49821)
mesh = ExtResource("1_la053")

[node name="Montagna" type="Node3D" parent="."]
transform = Transform3D(1.5, 0, 0, 0, 1.5, 0, 0, 0, 1.5, 0, 0, 0)

[node name="RockLargeB" type="MeshInstance3D" parent="Montagna"]
transform = Transform3D(3.53553, 0, -3.53553, 0, 5, 0, 3.53553, 0, 3.53553, -0.40481, 0, -0.436916)
mesh = ExtResource("1_td5xk")
skeleton = NodePath("../..")

[node name="RockLargeA" type="MeshInstance3D" parent="Montagna"]
transform = Transform3D(3.98478, 0, 0.348623, 0, 4, 0, -0.348623, 0, 3.98478, -1.11192, 0, 0.694454)
mesh = ExtResource("2_maq0e")
skeleton = NodePath("../..")

[node name="Rock" type="MeshInstance3D" parent="Montagna"]
transform = Transform3D(2.82843, 0, -2.82843, 0, 4, 0, 2.82843, 0, 2.82843, 1.0094, 0, 0.553033)
mesh = ExtResource("3_eegsx")
skeleton = NodePath("../..")

[node name="Cristalli" type="Node3D" parent="."]

[node name="RockCrystals" type="MeshInstance3D" parent="Cristalli"]
transform = Transform3D(0.962883, 0.211475, -0.167731, -0.25, 0.933013, -0.258819, 0.101762, 0.291145, 0.951251, 1.6, 0.6, 2.3)
mesh = ExtResource("5_2rdpo")
skeleton = NodePath("../..")

[node name="RockCrystals3" type="MeshInstance3D" parent="Cristalli"]
transform = Transform3D(1, 0, 0, 0, 1, 0, 0, 0, 1, -0.1, 3.7, -1.4)
mesh = ExtResource("5_2rdpo")
skeleton = NodePath("../..")

[node name="RockCrystals4" type="MeshInstance3D" parent="Cristalli"]
transform = Transform3D(-0.642788, 0, -0.766044, 0, 1, 0, 0.766044, 0, -0.642788, -2.7, 1.9, -0.3)
mesh = ExtResource("5_2rdpo")
skeleton = NodePath("../..")

[node name="RockCrystals5" type="MeshInstance3D" parent="Cristalli"]
transform = Transform3D(-0.642788, 0, -0.766044, 0, 1, 0, 0.766044, 0, -0.642788, 0.4, 1.2, 1.3)
mesh = ExtResource("5_2rdpo")
skeleton = NodePath("../..")

[node name="RockCrystals2" type="MeshInstance3D" parent="Cristalli"]
transform = Transform3D(0.965926, 0.24321, -0.0885213, -0.258819, 0.907673, -0.330366, 0, 0.34202, 0.939693, 3, 0.2, 1.8)
mesh = ExtResource("5_2rdpo")
skeleton = NodePath("../..")

[node name="RockCrystalsLargeB" type="MeshInstance3D" parent="Cristalli"]
transform = Transform3D(1, 0, 0, 0, 1, 0, 0, 0, 1, -1.8, 3, 0.6)
mesh = ExtResource("6_571yu")
skeleton = NodePath("../..")

[node name="RockCrystalsLargeB6" type="MeshInstance3D" parent="Cristalli"]
transform = Transform3D(0.939693, 0, -0.34202, 0, 1, 0, 0.34202, 0, 0.939693, -3, 1, 1.1)
mesh = ExtResource("6_571yu")
skeleton = NodePath("../..")

[node name="RockCrystalsLargeB5" type="MeshInstance3D" parent="Cristalli"]
transform = Transform3D(0.906308, -0.211309, 0.365998, 0, 0.866025, 0.5, -0.422618, -0.453154, 0.784886, -0.5, 3.5, -1.6)
mesh = ExtResource("6_571yu")
skeleton = NodePath("../..")

[node name="RockCrystalsLargeB2" type="MeshInstance3D" parent="Cristalli"]
transform = Transform3D(1, 0, 0, 0, 1, 0, 0, 0, 1, 1.3, 1.8, 0.1)
mesh = ExtResource("6_571yu")
skeleton = NodePath("../..")

[node name="RockCrystalsLargeB3" type="MeshInstance3D" parent="Cristalli"]
transform = Transform3D(0.173648, 0, 0.984808, 0, 1, 0, -0.984808, 0, 0.173648, 1.1, 1.1, -1.5)
mesh = ExtResource("6_571yu")
skeleton = NodePath("../..")

[node name="RockCrystalsLargeB4" type="MeshInstance3D" parent="Cristalli"]
transform = Transform3D(1, 0, 0, 0, 1, 0, 0, 0, 1, -2.8, 0, 2.5)
mesh = ExtResource("6_571yu")
skeleton = NodePath("../..")

[node name="RockCrystalsLargeB7" type="MeshInstance3D" parent="Cristalli"]
transform = Transform3D(0.984808, -0.223238, -0.133022, 0, 1.53209, -0.642788, 0.173648, 1.26604, 0.754406, -2, 1.5, 2.1)
mesh = ExtResource("6_571yu")
skeleton = NodePath("../..")
